0,26,52,78
26,52,78,104
52,78,104,130
78,104,130,156
104,130,156,182
130,156,182,208
156,182,208,234
182,208,234,260
208,234,260,286
234,260,286,312
260,286,312,338
286,312,338,364
312,338,364,390
338,364,390,416
364,390,416,442
390,416,442,468
416,442,468,494
442,468,494,520
468,494,520,546
494,520,546,572
520,546,572,598
546,572,598,624
1,27,53,79
27,53,79,105
53,79,105,131
79,105,131,157
105,131,157,183
131,157,183,209
157,183,209,235
183,209,235,261
209,235,261,287
235,261,287,313
261,287,313,339
287,313,339,365
313,339,365,391
339,365,391,417
365,391,417,443
391,417,443,469
417,443,469,495
443,469,495,521
469,495,521,547
495,521,547,573
521,547,573,599
2,28,54,80
28,54,80,106
54,80,106,132
80,106,132,158
106,132,158,184
132,158,184,210
158,184,210,236
184,210,236,262
210,236,262,288
236,262,288,314
262,288,314,340
288,314,340,366
314,340,366,392
340,366,392,418
366,392,418,444
392,418,444,470
418,444,470,496
444,470,496,522
470,496,522,548
496,522,548,574
3,29,55,81
29,55,81,107
55,81,107,133
81,107,133,159
107,133,159,185
133,159,185,211
159,185,211,237
185,211,237,263
211,237,263,289
237,263,289,315
263,289,315,341
289,315,341,367
315,341,367,393
341,367,393,419
367,393,419,445
393,419,445,471
419,445,471,497
445,471,497,523
471,497,523,549
4,30,56,82
30,56,82,108
56,82,108,134
82,108,134,160
108,134,160,186
134,160,186,212
160,186,212,238
186,212,238,264
212,238,264,290
238,264,290,316
264,290,316,342
290,316,342,368
316,342,368,394
342,368,394,420
368,394,420,446
394,420,446,472
420,446,472,498
446,472,498,524
5,31,57,83
31,57,83,109
57,83,109,135
83,109,135,161
109,135,161,187
135,161,187,213
161,187,213,239
187,213,239,265
213,239,265,291
239,265,291,317
265,291,317,343
291,317,343,369
317,343,369,395
343,369,395,421
369,395,421,447
395,421,447,473
421,447,473,499
6,32,58,84
32,58,84,110
58,84,110,136
84,110,136,162
110,136,162,188
136,162,188,214
162,188,214,240
188,214,240,266
214,240,266,292
240,266,292,318
266,292,318,344
292,318,344,370
318,344,370,396
344,370,396,422
370,396,422,448
396,422,448,474
7,33,59,85
33,59,85,111
59,85,111,137
85,111,137,163
111,137,163,189
137,163,189,215
163,189,215,241
189,215,241,267
215,241,267,293
241,267,293,319
267,293,319,345
293,319,345,371
319,345,371,397
345,371,397,423
371,397,423,449
8,34,60,86
34,60,86,112
60,86,112,138
86,112,138,164
112,138,164,190
138,164,190,216
164,190,216,242
190,216,242,268
216,242,268,294
242,268,294,320
268,294,320,346
294,320,346,372
320,346,372,398
346,372,398,424
9,35,61,87
35,61,87,113
61,87,113,139
87,113,139,165
113,139,165,191
139,165,191,217
165,191,217,243
191,217,243,269
217,243,269,295
243,269,295,321
269,295,321,347
295,321,347,373
321,347,373,399
10,36,62,88
36,62,88,114
62,88,114,140
88,114,140,166
114,140,166,192
140,166,192,218
166,192,218,244
192,218,244,270
218,244,270,296
244,270,296,322
270,296,322,348
296,322,348,374
11,37,63,89
37,63,89,115
63,89,115,141
89,115,141,167
115,141,167,193
141,167,193,219
167,193,219,245
193,219,245,271
219,245,271,297
245,271,297,323
271,297,323,349
12,38,64,90
38,64,90,116
64,90,116,142
90,116,142,168
116,142,168,194
142,168,194,220
168,194,220,246
194,220,246,272
220,246,272,298
246,272,298,324
13,39,65,91
39,65,91,117
65,91,117,143
91,117,143,169
117,143,169,195
143,169,195,221
169,195,221,247
195,221,247,273
221,247,273,299
14,40,66,92
40,66,92,118
66,92,118,144
92,118,144,170
118,144,170,196
144,170,196,222
170,196,222,248
196,222,248,274
15,41,67,93
41,67,93,119
67,93,119,145
93,119,145,171
119,145,171,197
145,171,197,223
171,197,223,249
16,42,68,94
42,68,94,120
68,94,120,146
94,120,146,172
120,146,172,198
146,172,198,224
17,43,69,95
43,69,95,121
69,95,121,147
95,121,147,173
121,147,173,199
18,44,70,96
44,70,96,122
70,96,122,148
96,122,148,174
19,45,71,97
45,71,97,123
71,97,123,149
20,46,72,98
46,72,98,124
21,47,73,99
3,27,51,75
4,28,52,76
28,52,76,100
5,29,53,77
29,53,77,101
53,77,101,125
6,30,54,78
30,54,78,102
54,78,102,126
78,102,126,150
7,31,55,79
31,55,79,103
55,79,103,127
79,103,127,151
103,127,151,175
8,32,56,80
32,56,80,104
56,80,104,128
80,104,128,152
104,128,152,176
128,152,176,200
9,33,57,81
33,57,81,105
57,81,105,129
81,105,129,153
105,129,153,177
129,153,177,201
153,177,201,225
10,34,58,82
34,58,82,106
58,82,106,130
82,106,130,154
106,130,154,178
130,154,178,202
154,178,202,226
178,202,226,250
11,35,59,83
35,59,83,107
59,83,107,131
83,107,131,155
107,131,155,179
131,155,179,203
155,179,203,227
179,203,227,251
203,227,251,275
12,36,60,84
36,60,84,108
60,84,108,132
84,108,132,156
108,132,156,180
132,156,180,204
156,180,204,228
180,204,228,252
204,228,252,276
228,252,276,300
13,37,61,85
37,61,85,109
61,85,109,133
85,109,133,157
109,133,157,181
133,157,181,205
157,181,205,229
181,205,229,253
205,229,253,277
229,253,277,301
253,277,301,325
14,38,62,86
38,62,86,110
62,86,110,134
86,110,134,158
110,134,158,182
134,158,182,206
158,182,206,230
182,206,230,254
206,230,254,278
230,254,278,302
254,278,302,326
278,302,326,350
15,39,63,87
39,63,87,111
63,87,111,135
87,111,135,159
111,135,159,183
135,159,183,207
159,183,207,231
183,207,231,255
207,231,255,279
231,255,279,303
255,279,303,327
279,303,327,351
303,327,351,375
16,40,64,88
40,64,88,112
64,88,112,136
88,112,136,160
112,136,160,184
136,160,184,208
160,184,208,232
184,208,232,256
208,232,256,280
232,256,280,304
256,280,304,328
280,304,328,352
304,328,352,376
328,352,376,400
17,41,65,89
41,65,89,113
65,89,113,137
89,113,137,161
113,137,161,185
137,161,185,209
161,185,209,233
185,209,233,257
209,233,257,281
233,257,281,305
257,281,305,329
281,305,329,353
305,329,353,377
329,353,377,401
353,377,401,425
18,42,66,90
42,66,90,114
66,90,114,138
90,114,138,162
114,138,162,186
138,162,186,210
162,186,210,234
186,210,234,258
210,234,258,282
234,258,282,306
258,282,306,330
282,306,330,354
306,330,354,378
330,354,378,402
354,378,402,426
378,402,426,450
19,43,67,91
43,67,91,115
67,91,115,139
91,115,139,163
115,139,163,187
139,163,187,211
163,187,211,235
187,211,235,259
211,235,259,283
235,259,283,307
259,283,307,331
283,307,331,355
307,331,355,379
331,355,379,403
355,379,403,427
379,403,427,451
403,427,451,475
20,44,68,92
44,68,92,116
68,92,116,140
92,116,140,164
116,140,164,188
140,164,188,212
164,188,212,236
188,212,236,260
212,236,260,284
236,260,284,308
260,284,308,332
284,308,332,356
308,332,356,380
332,356,380,404
356,380,404,428
380,404,428,452
404,428,452,476
428,452,476,500
21,45,69,93
45,69,93,117
69,93,117,141
93,117,141,165
117,141,165,189
141,165,189,213
165,189,213,237
189,213,237,261
213,237,261,285
237,261,285,309
261,285,309,333
285,309,333,357
309,333,357,381
333,357,381,405
357,381,405,429
381,405,429,453
405,429,453,477
429,453,477,501
453,477,501,525
22,46,70,94
46,70,94,118
70,94,118,142
94,118,142,166
118,142,166,190
142,166,190,214
166,190,214,238
190,214,238,262
214,238,262,286
238,262,286,310
262,286,310,334
286,310,334,358
310,334,358,382
334,358,382,406
358,382,406,430
382,406,430,454
406,430,454,478
430,454,478,502
454,478,502,526
478,502,526,550
23,47,71,95
47,71,95,119
71,95,119,143
95,119,143,167
119,143,167,191
143,167,191,215
167,191,215,239
191,215,239,263
215,239,263,287
239,263,287,311
263,287,311,335
287,311,335,359
311,335,359,383
335,359,383,407
359,383,407,431
383,407,431,455
407,431,455,479
431,455,479,503
455,479,503,527
479,503,527,551
503,527,551,575
24,48,72,96
48,72,96,120
72,96,120,144
96,120,144,168
120,144,168,192
144,168,192,216
168,192,216,240
192,216,240,264
216,240,264,288
240,264,288,312
264,288,312,336
288,312,336,360
312,336,360,384
336,360,384,408
360,384,408,432
384,408,432,456
408,432,456,480
432,456,480,504
456,480,504,528
480,504,528,552
504,528,552,576
528,552,576,600
623,597,571,545
597,571,545,519
571,545,519,493
545,519,493,467
519,493,467,441
493,467,441,415
467,441,415,389
441,415,389,363
415,389,363,337
389,363,337,311
363,337,311,285
337,311,285,259
311,285,259,233
285,259,233,207
259,233,207,181
233,207,181,155
207,181,155,129
181,155,129,103
155,129,103,77
129,103,77,51
103,77,51,25
622,596,570,544
596,570,544,518
570,544,518,492
544,518,492,466
518,492,466,440
492,466,440,414
466,440,414,388
440,414,388,362
414,388,362,336
388,362,336,310
362,336,310,284
336,310,284,258
310,284,258,232
284,258,232,206
258,232,206,180
232,206,180,154
206,180,154,128
180,154,128,102
154,128,102,76
128,102,76,50
621,595,569,543
595,569,543,517
569,543,517,491
543,517,491,465
517,491,465,439
491,465,439,413
465,439,413,387
439,413,387,361
413,387,361,335
387,361,335,309
361,335,309,283
335,309,283,257
309,283,257,231
283,257,231,205
257,231,205,179
231,205,179,153
205,179,153,127
179,153,127,101
153,127,101,75
620,594,568,542
594,568,542,516
568,542,516,490
542,516,490,464
516,490,464,438
490,464,438,412
464,438,412,386
438,412,386,360
412,386,360,334
386,360,334,308
360,334,308,282
334,308,282,256
308,282,256,230
282,256,230,204
256,230,204,178
230,204,178,152
204,178,152,126
178,152,126,100
619,593,567,541
593,567,541,515
567,541,515,489
541,515,489,463
515,489,463,437
489,463,437,411
463,437,411,385
437,411,385,359
411,385,359,333
385,359,333,307
359,333,307,281
333,307,281,255
307,281,255,229
281,255,229,203
255,229,203,177
229,203,177,151
203,177,151,125
618,592,566,540
592,566,540,514
566,540,514,488
540,514,488,462
514,488,462,436
488,462,436,410
462,436,410,384
436,410,384,358
410,384,358,332
384,358,332,306
358,332,306,280
332,306,280,254
306,280,254,228
280,254,228,202
254,228,202,176
228,202,176,150
617,591,565,539
591,565,539,513
565,539,513,487
539,513,487,461
513,487,461,435
487,461,435,409
461,435,409,383
435,409,383,357
409,383,357,331
383,357,331,305
357,331,305,279
331,305,279,253
305,279,253,227
279,253,227,201
253,227,201,175
616,590,564,538
590,564,538,512
564,538,512,486
538,512,486,460
512,486,460,434
486,460,434,408
460,434,408,382
434,408,382,356
408,382,356,330
382,356,330,304
356,330,304,278
330,304,278,252
304,278,252,226
278,252,226,200
615,589,563,537
589,563,537,511
563,537,511,485
537,511,485,459
511,485,459,433
485,459,433,407
459,433,407,381
433,407,381,355
407,381,355,329
381,355,329,303
355,329,303,277
329,303,277,251
303,277,251,225
614,588,562,536
588,562,536,510
562,536,510,484
536,510,484,458
510,484,458,432
484,458,432,406
458,432,406,380
432,406,380,354
406,380,354,328
380,354,328,302
354,328,302,276
328,302,276,250
613,587,561,535
587,561,535,509
561,535,509,483
535,509,483,457
509,483,457,431
483,457,431,405
457,431,405,379
431,405,379,353
405,379,353,327
379,353,327,301
353,327,301,275
612,586,560,534
586,560,534,508
560,534,508,482
534,508,482,456
508,482,456,430
482,456,430,404
456,430,404,378
430,404,378,352
404,378,352,326
378,352,326,300
611,585,559,533
585,559,533,507
559,533,507,481
533,507,481,455
507,481,455,429
481,455,429,403
455,429,403,377
429,403,377,351
403,377,351,325
610,584,558,532
584,558,532,506
558,532,506,480
532,506,480,454
506,480,454,428
480,454,428,402
454,428,402,376
428,402,376,350
609,583,557,531
583,557,531,505
557,531,505,479
531,505,479,453
505,479,453,427
479,453,427,401
453,427,401,375
608,582,556,530
582,556,530,504
556,530,504,478
530,504,478,452
504,478,452,426
478,452,426,400
607,581,555,529
581,555,529,503
555,529,503,477
529,503,477,451
503,477,451,425
606,580,554,528
580,554,528,502
554,528,502,476
528,502,476,450
605,579,553,527
579,553,527,501
553,527,501,475
604,578,552,526
578,552,526,500
603,577,551,525
601,577,553,529
577,553,529,505
553,529,505,481
529,505,481,457
505,481,457,433
481,457,433,409
457,433,409,385
433,409,385,361
409,385,361,337
385,361,337,313
361,337,313,289
337,313,289,265
313,289,265,241
289,265,241,217
265,241,217,193
241,217,193,169
217,193,169,145
193,169,145,121
169,145,121,97
145,121,97,73
121,97,73,49
602,578,554,530
578,554,530,506
554,530,506,482
530,506,482,458
506,482,458,434
482,458,434,410
458,434,410,386
434,410,386,362
410,386,362,338
386,362,338,314
362,338,314,290
338,314,290,266
314,290,266,242
290,266,242,218
266,242,218,194
242,218,194,170
218,194,170,146
194,170,146,122
170,146,122,98
146,122,98,74
603,579,555,531
579,555,531,507
555,531,507,483
531,507,483,459
507,483,459,435
483,459,435,411
459,435,411,387
435,411,387,363
411,387,363,339
387,363,339,315
363,339,315,291
339,315,291,267
315,291,267,243
291,267,243,219
267,243,219,195
243,219,195,171
219,195,171,147
195,171,147,123
171,147,123,99
604,580,556,532
580,556,532,508
556,532,508,484
532,508,484,460
508,484,460,436
484,460,436,412
460,436,412,388
436,412,388,364
412,388,364,340
388,364,340,316
364,340,316,292
340,316,292,268
316,292,268,244
292,268,244,220
268,244,220,196
244,220,196,172
220,196,172,148
196,172,148,124
605,581,557,533
581,557,533,509
557,533,509,485
533,509,485,461
509,485,461,437
485,461,437,413
461,437,413,389
437,413,389,365
413,389,365,341
389,365,341,317
365,341,317,293
341,317,293,269
317,293,269,245
293,269,245,221
269,245,221,197
245,221,197,173
221,197,173,149
606,582,558,534
582,558,534,510
558,534,510,486
534,510,486,462
510,486,462,438
486,462,438,414
462,438,414,390
438,414,390,366
414,390,366,342
390,366,342,318
366,342,318,294
342,318,294,270
318,294,270,246
294,270,246,222
270,246,222,198
246,222,198,174
607,583,559,535
583,559,535,511
559,535,511,487
535,511,487,463
511,487,463,439
487,463,439,415
463,439,415,391
439,415,391,367
415,391,367,343
391,367,343,319
367,343,319,295
343,319,295,271
319,295,271,247
295,271,247,223
271,247,223,199
608,584,560,536
584,560,536,512
560,536,512,488
536,512,488,464
512,488,464,440
488,464,440,416
464,440,416,392
440,416,392,368
416,392,368,344
392,368,344,320
368,344,320,296
344,320,296,272
320,296,272,248
296,272,248,224
609,585,561,537
585,561,537,513
561,537,513,489
537,513,489,465
513,489,465,441
489,465,441,417
465,441,417,393
441,417,393,369
417,393,369,345
393,369,345,321
369,345,321,297
345,321,297,273
321,297,273,249
610,586,562,538
586,562,538,514
562,538,514,490
538,514,490,466
514,490,466,442
490,466,442,418
466,442,418,394
442,418,394,370
418,394,370,346
394,370,346,322
370,346,322,298
346,322,298,274
611,587,563,539
587,563,539,515
563,539,515,491
539,515,491,467
515,491,467,443
491,467,443,419
467,443,419,395
443,419,395,371
419,395,371,347
395,371,347,323
371,347,323,299
612,588,564,540
588,564,540,516
564,540,516,492
540,516,492,468
516,492,468,444
492,468,444,420
468,444,420,396
444,420,396,372
420,396,372,348
396,372,348,324
613,589,565,541
589,565,541,517
565,541,517,493
541,517,493,469
517,493,469,445
493,469,445,421
469,445,421,397
445,421,397,373
421,397,373,349
614,590,566,542
590,566,542,518
566,542,518,494
542,518,494,470
518,494,470,446
494,470,446,422
470,446,422,398
446,422,398,374
615,591,567,543
591,567,543,519
567,543,519,495
543,519,495,471
519,495,471,447
495,471,447,423
471,447,423,399
616,592,568,544
592,568,544,520
568,544,520,496
544,520,496,472
520,496,472,448
496,472,448,424
617,593,569,545
593,569,545,521
569,545,521,497
545,521,497,473
521,497,473,449
618,594,570,546
594,570,546,522
570,546,522,498
546,522,498,474
619,595,571,547
595,571,547,523
571,547,523,499
620,596,572,548
596,572,548,524
621,597,573,549
0,1,2,3
1,2,3,4
2,3,4,5
3,4,5,6
4,5,6,7
5,6,7,8
6,7,8,9
7,8,9,10
8,9,10,11
9,10,11,12
10,11,12,13
11,12,13,14
12,13,14,15
13,14,15,16
14,15,16,17
15,16,17,18
16,17,18,19
17,18,19,20
18,19,20,21
19,20,21,22
20,21,22,23
21,22,23,24
25,26,27,28
26,27,28,29
27,28,29,30
28,29,30,31
29,30,31,32
30,31,32,33
31,32,33,34
32,33,34,35
33,34,35,36
34,35,36,37
35,36,37,38
36,37,38,39
37,38,39,40
38,39,40,41
39,40,41,42
40,41,42,43
41,42,43,44
42,43,44,45
43,44,45,46
44,45,46,47
45,46,47,48
46,47,48,49
50,51,52,53
51,52,53,54
52,53,54,55
53,54,55,56
54,55,56,57
55,56,57,58
56,57,58,59
57,58,59,60
58,59,60,61
59,60,61,62
60,61,62,63
61,62,63,64
62,63,64,65
63,64,65,66
64,65,66,67
65,66,67,68
66,67,68,69
67,68,69,70
68,69,70,71
69,70,71,72
70,71,72,73
71,72,73,74
75,76,77,78
76,77,78,79
77,78,79,80
78,79,80,81
79,80,81,82
80,81,82,83
81,82,83,84
82,83,84,85
83,84,85,86
84,85,86,87
85,86,87,88
86,87,88,89
87,88,89,90
88,89,90,91
89,90,91,92
90,91,92,93
91,92,93,94
92,93,94,95
93,94,95,96
94,95,96,97
95,96,97,98
96,97,98,99
100,101,102,103
101,102,103,104
102,103,104,105
103,104,105,106
104,105,106,107
105,106,107,108
106,107,108,109
107,108,109,110
108,109,110,111
109,110,111,112
110,111,112,113
111,112,113,114
112,113,114,115
113,114,115,116
114,115,116,117
115,116,117,118
116,117,118,119
117,118,119,120
118,119,120,121
119,120,121,122
120,121,122,123
121,122,123,124
125,126,127,128
126,127,128,129
127,128,129,130
128,129,130,131
129,130,131,132
130,131,132,133
131,132,133,134
132,133,134,135
133,134,135,136
134,135,136,137
135,136,137,138
136,137,138,139
137,138,139,140
138,139,140,141
139,140,141,142
140,141,142,143
141,142,143,144
142,143,144,145
143,144,145,146
144,145,146,147
145,146,147,148
146,147,148,149
150,151,152,153
151,152,153,154
152,153,154,155
153,154,155,156
154,155,156,157
155,156,157,158
156,157,158,159
157,158,159,160
158,159,160,161
159,160,161,162
160,161,162,163
161,162,163,164
162,163,164,165
163,164,165,166
164,165,166,167
165,166,167,168
166,167,168,169
167,168,169,170
168,169,170,171
169,170,171,172
170,171,172,173
171,172,173,174
175,176,177,178
176,177,178,179
177,178,179,180
178,179,180,181
179,180,181,182
180,181,182,183
181,182,183,184
182,183,184,185
183,184,185,186
184,185,186,187
185,186,187,188
186,187,188,189
187,188,189,190
188,189,190,191
189,190,191,192
190,191,192,193
191,192,193,194
192,193,194,195
193,194,195,196
194,195,196,197
195,196,197,198
196,197,198,199
200,201,202,203
201,202,203,204
202,203,204,205
203,204,205,206
204,205,206,207
205,206,207,208
206,207,208,209
207,208,209,210
208,209,210,211
209,210,211,212
210,211,212,213
211,212,213,214
212,213,214,215
213,214,215,216
214,215,216,217
215,216,217,218
216,217,218,219
217,218,219,220
218,219,220,221
219,220,221,222
220,221,222,223
221,222,223,224
225,226,227,228
226,227,228,229
227,228,229,230
228,229,230,231
229,230,231,232
230,231,232,233
231,232,233,234
232,233,234,235
233,234,235,236
234,235,236,237
235,236,237,238
236,237,238,239
237,238,239,240
238,239,240,241
239,240,241,242
240,241,242,243
241,242,243,244
242,243,244,245
243,244,245,246
244,245,246,247
245,246,247,248
246,247,248,249
250,251,252,253
251,252,253,254
252,253,254,255
253,254,255,256
254,255,256,257
255,256,257,258
256,257,258,259
257,258,259,260
258,259,260,261
259,260,261,262
260,261,262,263
261,262,263,264
262,263,264,265
263,264,265,266
264,265,266,267
265,266,267,268
266,267,268,269
267,268,269,270
268,269,270,271
269,270,271,272
270,271,272,273
271,272,273,274
275,276,277,278
276,277,278,279
277,278,279,280
278,279,280,281
279,280,281,282
280,281,282,283
281,282,283,284
282,283,284,285
283,284,285,286
284,285,286,287
285,286,287,288
286,287,288,289
287,288,289,290
288,289,290,291
289,290,291,292
290,291,292,293
291,292,293,294
292,293,294,295
293,294,295,296
294,295,296,297
295,296,297,298
296,297,298,299
300,301,302,303
301,302,303,304
302,303,304,305
303,304,305,306
304,305,306,307
305,306,307,308
306,307,308,309
307,308,309,310
308,309,310,311
309,310,311,312
310,311,312,313
311,312,313,314
312,313,314,315
313,314,315,316
314,315,316,317
315,316,317,318
316,317,318,319
317,318,319,320
318,319,320,321
319,320,321,322
320,321,322,323
321,322,323,324
325,326,327,328
326,327,328,329
327,328,329,330
328,329,330,331
329,330,331,332
330,331,332,333
331,332,333,334
332,333,334,335
333,334,335,336
334,335,336,337
335,336,337,338
336,337,338,339
337,338,339,340
338,339,340,341
339,340,341,342
340,341,342,343
341,342,343,344
342,343,344,345
343,344,345,346
344,345,346,347
345,346,347,348
346,347,348,349
350,351,352,353
351,352,353,354
352,353,354,355
353,354,355,356
354,355,356,357
355,356,357,358
356,357,358,359
357,358,359,360
358,359,360,361
359,360,361,362
360,361,362,363
361,362,363,364
362,363,364,365
363,364,365,366
364,365,366,367
365,366,367,368
366,367,368,369
367,368,369,370
368,369,370,371
369,370,371,372
370,371,372,373
371,372,373,374
375,376,377,378
376,377,378,379
377,378,379,380
378,379,380,381
379,380,381,382
380,381,382,383
381,382,383,384
382,383,384,385
383,384,385,386
384,385,386,387
385,386,387,388
386,387,388,389
387,388,389,390
388,389,390,391
389,390,391,392
390,391,392,393
391,392,393,394
392,393,394,395
393,394,395,396
394,395,396,397
395,396,397,398
396,397,398,399
400,401,402,403
401,402,403,404
402,403,404,405
403,404,405,406
404,405,406,407
405,406,407,408
406,407,408,409
407,408,409,410
408,409,410,411
409,410,411,412
410,411,412,413
411,412,413,414
412,413,414,415
413,414,415,416
414,415,416,417
415,416,417,418
416,417,418,419
417,418,419,420
418,419,420,421
419,420,421,422
420,421,422,423
421,422,423,424
425,426,427,428
426,427,428,429
427,428,429,430
428,429,430,431
429,430,431,432
430,431,432,433
431,432,433,434
432,433,434,435
433,434,435,436
434,435,436,437
435,436,437,438
436,437,438,439
437,438,439,440
438,439,440,441
439,440,441,442
440,441,442,443
441,442,443,444
442,443,444,445
443,444,445,446
444,445,446,447
445,446,447,448
446,447,448,449
450,451,452,453
451,452,453,454
452,453,454,455
453,454,455,456
454,455,456,457
455,456,457,458
456,457,458,459
457,458,459,460
458,459,460,461
459,460,461,462
460,461,462,463
461,462,463,464
462,463,464,465
463,464,465,466
464,465,466,467
465,466,467,468
466,467,468,469
467,468,469,470
468,469,470,471
469,470,471,472
470,471,472,473
471,472,473,474
475,476,477,478
476,477,478,479
477,478,479,480
478,479,480,481
479,480,481,482
480,481,482,483
481,482,483,484
482,483,484,485
483,484,485,486
484,485,486,487
485,486,487,488
486,487,488,489
487,488,489,490
488,489,490,491
489,490,491,492
490,491,492,493
491,492,493,494
492,493,494,495
493,494,495,496
494,495,496,497
495,496,497,498
496,497,498,499
500,501,502,503
501,502,503,504
502,503,504,505
503,504,505,506
504,505,506,507
505,506,507,508
506,507,508,509
507,508,509,510
508,509,510,511
509,510,511,512
510,511,512,513
511,512,513,514
512,513,514,515
513,514,515,516
514,515,516,517
515,516,517,518
516,517,518,519
517,518,519,520
518,519,520,521
519,520,521,522
520,521,522,523
521,522,523,524
525,526,527,528
526,527,528,529
527,528,529,530
528,529,530,531
529,530,531,532
530,531,532,533
531,532,533,534
532,533,534,535
533,534,535,536
534,535,536,537
535,536,537,538
536,537,538,539
537,538,539,540
538,539,540,541
539,540,541,542
540,541,542,543
541,542,543,544
542,543,544,545
543,544,545,546
544,545,546,547
545,546,547,548
546,547,548,549
550,551,552,553
551,552,553,554
552,553,554,555
553,554,555,556
554,555,556,557
555,556,557,558
556,557,558,559
557,558,559,560
558,559,560,561
559,560,561,562
560,561,562,563
561,562,563,564
562,563,564,565
563,564,565,566
564,565,566,567
565,566,567,568
566,567,568,569
567,568,569,570
568,569,570,571
569,570,571,572
570,571,572,573
571,572,573,574
575,576,577,578
576,577,578,579
577,578,579,580
578,579,580,581
579,580,581,582
580,581,582,583
581,582,583,584
582,583,584,585
583,584,585,586
584,585,586,587
585,586,587,588
586,587,588,589
587,588,589,590
588,589,590,591
589,590,591,592
590,591,592,593
591,592,593,594
592,593,594,595
593,594,595,596
594,595,596,597
595,596,597,598
596,597,598,599
600,601,602,603
601,602,603,604
602,603,604,605
603,604,605,606
604,605,606,607
605,606,607,608
606,607,608,609
607,608,609,610
608,609,610,611
609,610,611,612
610,611,612,613
611,612,613,614
612,613,614,615
613,614,615,616
614,615,616,617
615,616,617,618
616,617,618,619
617,618,619,620
618,619,620,621
619,620,621,622
620,621,622,623
621,622,623,624
0,25,50,75
25,50,75,100
50,75,100,125
75,100,125,150
100,125,150,175
125,150,175,200
150,175,200,225
175,200,225,250
200,225,250,275
225,250,275,300
250,275,300,325
275,300,325,350
300,325,350,375
325,350,375,400
350,375,400,425
375,400,425,450
400,425,450,475
425,450,475,500
450,475,500,525
475,500,525,550
500,525,550,575
525,550,575,600
1,26,51,76
26,51,76,101
51,76,101,126
76,101,126,151
101,126,151,176
126,151,176,201
151,176,201,226
176,201,226,251
201,226,251,276
226,251,276,301
251,276,301,326
276,301,326,351
301,326,351,376
326,351,376,401
351,376,401,426
376,401,426,451
401,426,451,476
426,451,476,501
451,476,501,526
476,501,526,551
501,526,551,576
526,551,576,601
2,27,52,77
27,52,77,102
52,77,102,127
77,102,127,152
102,127,152,177
127,152,177,202
152,177,202,227
177,202,227,252
202,227,252,277
227,252,277,302
252,277,302,327
277,302,327,352
302,327,352,377
327,352,377,402
352,377,402,427
377,402,427,452
402,427,452,477
427,452,477,502
452,477,502,527
477,502,527,552
502,527,552,577
527,552,577,602
3,28,53,78
28,53,78,103
53,78,103,128
78,103,128,153
103,128,153,178
128,153,178,203
153,178,203,228
178,203,228,253
203,228,253,278
228,253,278,303
253,278,303,328
278,303,328,353
303,328,353,378
328,353,378,403
353,378,403,428
378,403,428,453
403,428,453,478
428,453,478,503
453,478,503,528
478,503,528,553
503,528,553,578
528,553,578,603
4,29,54,79
29,54,79,104
54,79,104,129
79,104,129,154
104,129,154,179
129,154,179,204
154,179,204,229
179,204,229,254
204,229,254,279
229,254,279,304
254,279,304,329
279,304,329,354
304,329,354,379
329,354,379,404
354,379,404,429
379,404,429,454
404,429,454,479
429,454,479,504
454,479,504,529
479,504,529,554
504,529,554,579
529,554,579,604
5,30,55,80
30,55,80,105
55,80,105,130
80,105,130,155
105,130,155,180
130,155,180,205
155,180,205,230
180,205,230,255
205,230,255,280
230,255,280,305
255,280,305,330
280,305,330,355
305,330,355,380
330,355,380,405
355,380,405,430
380,405,430,455
405,430,455,480
430,455,480,505
455,480,505,530
480,505,530,555
505,530,555,580
530,555,580,605
6,31,56,81
31,56,81,106
56,81,106,131
81,106,131,156
106,131,156,181
131,156,181,206
156,181,206,231
181,206,231,256
206,231,256,281
231,256,281,306
256,281,306,331
281,306,331,356
306,331,356,381
331,356,381,406
356,381,406,431
381,406,431,456
406,431,456,481
431,456,481,506
456,481,506,531
481,506,531,556
506,531,556,581
531,556,581,606
7,32,57,82
32,57,82,107
57,82,107,132
82,107,132,157
107,132,157,182
132,157,182,207
157,182,207,232
182,207,232,257
207,232,257,282
232,257,282,307
257,282,307,332
282,307,332,357
307,332,357,382
332,357,382,407
357,382,407,432
382,407,432,457
407,432,457,482
432,457,482,507
457,482,507,532
482,507,532,557
507,532,557,582
532,557,582,607
8,33,58,83
33,58,83,108
58,83,108,133
83,108,133,158
108,133,158,183
133,158,183,208
158,183,208,233
183,208,233,258
208,233,258,283
233,258,283,308
258,283,308,333
283,308,333,358
308,333,358,383
333,358,383,408
358,383,408,433
383,408,433,458
408,433,458,483
433,458,483,508
458,483,508,533
483,508,533,558
508,533,558,583
533,558,583,608
9,34,59,84
34,59,84,109
59,84,109,134
84,109,134,159
109,134,159,184
134,159,184,209
159,184,209,234
184,209,234,259
209,234,259,284
234,259,284,309
259,284,309,334
284,309,334,359
309,334,359,384
334,359,384,409
359,384,409,434
384,409,434,459
409,434,459,484
434,459,484,509
459,484,509,534
484,509,534,559
509,534,559,584
534,559,584,609
10,35,60,85
35,60,85,110
60,85,110,135
85,110,135,160
110,135,160,185
135,160,185,210
160,185,210,235
185,210,235,260
210,235,260,285
235,260,285,310
260,285,310,335
285,310,335,360
310,335,360,385
335,360,385,410
360,385,410,435
385,410,435,460
410,435,460,485
435,460,485,510
460,485,510,535
485,510,535,560
510,535,560,585
535,560,585,610
11,36,61,86
36,61,86,111
61,86,111,136
86,111,136,161
111,136,161,186
136,161,186,211
161,186,211,236
186,211,236,261
211,236,261,286
236,261,286,311
261,286,311,336
286,311,336,361
311,336,361,386
336,361,386,411
361,386,411,436
386,411,436,461
411,436,461,486
436,461,486,511
461,486,511,536
486,511,536,561
511,536,561,586
536,561,586,611
12,37,62,87
37,62,87,112
62,87,112,137
87,112,137,162
112,137,162,187
137,162,187,212
162,187,212,237
187,212,237,262
212,237,262,287
237,262,287,312
262,287,312,337
287,312,337,362
312,337,362,387
337,362,387,412
362,387,412,437
387,412,437,462
412,437,462,487
437,462,487,512
462,487,512,537
487,512,537,562
512,537,562,587
537,562,587,612
13,38,63,88
38,63,88,113
63,88,113,138
88,113,138,163
113,138,163,188
138,163,188,213
163,188,213,238
188,213,238,263
213,238,263,288
238,263,288,313
263,288,313,338
288,313,338,363
313,338,363,388
338,363,388,413
363,388,413,438
388,413,438,463
413,438,463,488
438,463,488,513
463,488,513,538
488,513,538,563
513,538,563,588
538,563,588,613
14,39,64,89
39,64,89,114
64,89,114,139
89,114,139,164
114,139,164,189
139,164,189,214
164,189,214,239
189,214,239,264
214,239,264,289
239,264,289,314
264,289,314,339
289,314,339,364
314,339,364,389
339,364,389,414
364,389,414,439
389,414,439,464
414,439,464,489
439,464,489,514
464,489,514,539
489,514,539,564
514,539,564,589
539,564,589,614
15,40,65,90
40,65,90,115
65,90,115,140
90,115,140,165
115,140,165,190
140,165,190,215
165,190,215,240
190,215,240,265
215,240,265,290
240,265,290,315
265,290,315,340
290,315,340,365
315,340,365,390
340,365,390,415
365,390,415,440
390,415,440,465
415,440,465,490
440,465,490,515
465,490,515,540
490,515,540,565
515,540,565,590
540,565,590,615
16,41,66,91
41,66,91,116
66,91,116,141
91,116,141,166
116,141,166,191
141,166,191,216
166,191,216,241
191,216,241,266
216,241,266,291
241,266,291,316
266,291,316,341
291,316,341,366
316,341,366,391
341,366,391,416
366,391,416,441
391,416,441,466
416,441,466,491
441,466,491,516
466,491,516,541
491,516,541,566
516,541,566,591
541,566,591,616
17,42,67,92
42,67,92,117
67,92,117,142
92,117,142,167
117,142,167,192
142,167,192,217
167,192,217,242
192,217,242,267
217,242,267,292
242,267,292,317
267,292,317,342
292,317,342,367
317,342,367,392
342,367,392,417
367,392,417,442
392,417,442,467
417,442,467,492
442,467,492,517
467,492,517,542
492,517,542,567
517,542,567,592
542,567,592,617
18,43,68,93
43,68,93,118
68,93,118,143
93,118,143,168
118,143,168,193
143,168,193,218
168,193,218,243
193,218,243,268
218,243,268,293
243,268,293,318
268,293,318,343
293,318,343,368
318,343,368,393
343,368,393,418
368,393,418,443
393,418,443,468
418,443,468,493
443,468,493,518
468,493,518,543
493,518,543,568
518,543,568,593
543,568,593,618
19,44,69,94
44,69,94,119
69,94,119,144
94,119,144,169
119,144,169,194
144,169,194,219
169,194,219,244
194,219,244,269
219,244,269,294
244,269,294,319
269,294,319,344
294,319,344,369
319,344,369,394
344,369,394,419
369,394,419,444
394,419,444,469
419,444,469,494
444,469,494,519
469,494,519,544
494,519,544,569
519,544,569,594
544,569,594,619
20,45,70,95
45,70,95,120
70,95,120,145
95,120,145,170
120,145,170,195
145,170,195,220
170,195,220,245
195,220,245,270
220,245,270,295
245,270,295,320
270,295,320,345
295,320,345,370
320,345,370,395
345,370,395,420
370,395,420,445
395,420,445,470
420,445,470,495
445,470,495,520
470,495,520,545
495,520,545,570
520,545,570,595
545,570,595,620
21,46,71,96
46,71,96,121
71,96,121,146
96,121,146,171
121,146,171,196
146,171,196,221
171,196,221,246
196,221,246,271
221,246,271,296
246,271,296,321
271,296,321,346
296,321,346,371
321,346,371,396
346,371,396,421
371,396,421,446
396,421,446,471
421,446,471,496
446,471,496,521
471,496,521,546
496,521,546,571
521,546,571,596
546,571,596,621
22,47,72,97
47,72,97,122
72,97,122,147
97,122,147,172
122,147,172,197
147,172,197,222
172,197,222,247
197,222,247,272
222,247,272,297
247,272,297,322
272,297,322,347
297,322,347,372
322,347,372,397
347,372,397,422
372,397,422,447
397,422,447,472
422,447,472,497
447,472,497,522
472,497,522,547
497,522,547,572
522,547,572,597
547,572,597,622
23,48,73,98
48,73,98,123
73,98,123,148
98,123,148,173
123,148,173,198
148,173,198,223
173,198,223,248
198,223,248,273
223,248,273,298
248,273,298,323
273,298,323,348
298,323,348,373
323,348,373,398
348,373,398,423
373,398,423,448
398,423,448,473
423,448,473,498
448,473,498,523
473,498,523,548
498,523,548,573
523,548,573,598
548,573,598,623
24,49,74,99
49,74,99,124
74,99,124,149
99,124,149,174
124,149,174,199
149,174,199,224
174,199,224,249
199,224,249,274
224,249,274,299
249,274,299,324
274,299,324,349
299,324,349,374
324,349,374,399
349,374,399,424
374,399,424,449
399,424,449,474
424,449,474,499
449,474,499,524
474,499,524,549
499,524,549,574
524,549,574,599
549,574,599,624
